    case 1
        Rsh0 = 1./[0.0263,0.00107,0.00091,0.000153,0.00198,0.0084,0.002642,4.6366];
        Rs0  = 1./[8.9199,2.92969,2.44245,2.23729,0.3419,2.3299,0.864,0.7202];
    case 2
        Rsh0 = 1./[0.0004673,0.0131853,0.0046559];
        Rs0  = 1./[0.57789,1.6902,2.899855];