%% DATOS PANELES APARTADO 1

% Voltage, Current

RTC = [0,0.760500000000000;0.00570000000000000,0.760500000000000;0.0646000000000000,0.760000000000000;0.118500000000000,0.759000000000000;0.167800000000000,0.757000000000000;0.213200000000000,0.757000000000000;0.254500000000000,0.755500000000000;0.292400000000000,0.754000000000000;0.326900000000000,0.750500000000000;0.358500000000000,0.746500000000000;0.387300000000000,0.738500000000000;0.413700000000000,0.728000000000000;0.437300000000000,0.706500000000000;0.450700000000000,0.689400000000000;0.459000000000000,0.675500000000000;0.478400000000000,0.632000000000000;0.496000000000000,0.573000000000000;0.511900000000000,0.499000000000000;0.526500000000000,0.413000000000000;0.539800000000000,0.316500000000000;0.552100000000000,0.212000000000000;0.563300000000000,0.103500000000000;0.572692511000000,0];

TNJ = [0,0.525905700000000;0.184132000000000,0.524402200000000;0.472692000000000,0.522873900000000;0.836913000000000,0.522055500000000;1.13603000000000,0.521252600000000;1.49849000000000,0.520437300000000;1.60054000000000,0.519680900000000;1.70084000000000,0.518927600000000;1.83984000000000,0.518893500000000;1.98940000000000,0.518127800000000;2.02107000000000,0.516661500000000;2.05626000000000,0.516652200000000;2.08265000000000,0.515189000000000;2.10376000000000,0.515182800000000;2.11607000000000,0.513719600000000;2.13015000000000,0.512988000000000;2.14774000000000,0.512253300000000;2.16006000000000,0.510793200000000;2.17413000000000,0.510058500000000;2.18996000000000,0.509326900000000;2.20052000000000,0.507135200000000;2.21283000000000,0.505675100000000;2.22515000000000,0.505672000000000;2.23394000000000,0.504208800000000;2.24449000000000,0.502020200000000;2.24977000000000,0.500560100000000;2.26032000000000,0.499096900000000;2.27312000000000,0.496908300000000;2.27791000000000,0.495445100000000;2.28670000000000,0.492528000000000;2.29725000000000,0.489607800000000;2.30429000000000,0.487416100000000;2.31132000000000,0.484495900000000;2.32187000000000,0.480118700000000;2.32890000000000,0.477198500000000;2.33417000000000,0.475009900000000;2.34120000000000,0.472089700000000;2.34999000000000,0.468441000000000;2.35526000000000,0.464792300000000;2.36405000000000,0.460415100000000;2.36757000000000,0.458223400000000;2.37108000000000,0.454577800000000;2.37810000000000,0.448008900000000;2.38337000000000,0.444363300000000;2.39040000000000,0.440714600000000;2.39567000000000,0.435605800000000;2.40269000000000,0.429768500000000;2.40796000000000,0.423931200000000;2.41850000000000,0.413716700000000;2.42551000000000,0.403505300000000;2.43428000000000,0.391830700000000;2.44481000000000,0.377970600000000;2.46060000000000,0.355356100000000;2.47462000000000,0.332010000000000;2.49215000000000,0.299182550000000;2.50440000000000,0.269273440000000;2.51840000000000,0.232799460000000;2.52537000000000,0.205080190000000;2.53413000000000,0.186842890000000;2.55863000000000,0.124107260000000;2.57433000000000,0.0613741100000000;2.59179000000000,9.92515000000000e-05];

ZTJ = [0,0.463401260000000;0.104563000000000,0.462699020000000;0.317490000000000,0.462699020000000;0.524715000000000,0.462699020000000;0.739544000000000,0.462699020000000;0.946768000000000,0.462699020000000;1.15970000000000,0.462699020000000;1.36692000000000,0.462699020000000;1.58175000000000,0.460600280000000;1.78894000000000,0.460275760000000;2.00212000000000,0.458070620000000;2.01545000000000,0.458767540000000;2.02878000000000,0.460164040000000;2.04211000000000,0.460858300000000;2.05543000000000,0.460150740000000;2.06875000000000,0.459443180000000;2.07828000000000,0.460140100000000;2.08588000000000,0.458030720000000;2.09921000000000,0.459429880000000;2.11063000000000,0.459424560000000;2.12396000000000,0.459416580000000;2.13727000000000,0.458006780000000;2.14869000000000,0.458001460000000;2.16012000000000,0.458698380000000;2.17154000000000,0.457990820000000;2.18295000000000,0.457283260000000;2.19628000000000,0.457277940000000;2.20770000000000,0.457272620000000;2.21912000000000,0.456565060000000;2.23053000000000,0.454455680000000;2.24005000000000,0.455152600000000;2.25147000000000,0.455849520000000;2.26289000000000,0.454439720000000;2.27621000000000,0.454434400000000;2.28572000000000,0.453024600000000;2.29524000000000,0.452319700000000;2.30475000000000,0.451612140000000;2.31236000000000,0.451609480000000;2.32378000000000,0.450901920000000;2.33520000000000,0.449492120000000;2.34852000000000,0.449486800000000;2.35612000000000,0.447377420000000;2.36563000000000,0.445970280000000;2.37705000000000,0.444560480000000;2.38846000000000,0.443852920000000;2.39797000000000,0.442445780000000;2.40558000000000,0.441038640000000;2.41508000000000,0.438227020000000;2.42459000000000,0.436817220000000;2.43219000000000,0.433306020000000;2.43979000000000,0.431196640000000;2.44929000000000,0.429084600000000;2.45880000000000,0.426272980000000;2.46639000000000,0.423464020000000;2.47590000000000,0.420652400000000;2.48349000000000,0.417138540000000;2.49109000000000,0.414326920000000;2.49678000000000,0.410113480000000;2.50247000000000,0.407304520000000;2.53472000000000,0.387636480000000;2.56881000000000,0.357440160000000;2.59904000000000,0.316720880000000;2.63108000000000,0.259854868000000;2.66873000000000,0.185441102000000;2.70247000000000,0.0913773840000000;2.72600000000000,0];

